1221685
802474
273734
12930
190130
226425
55276
132783
704544
555954
60155
46454
35650
905186
103422
126578
211123
131247
163314
107860
260285
914881
697388
232027
214566
203369
128935
1116533
313947
1045914
233209
184491
33805
248478
285524
153292
189872
288857
228964
306739
748966
59461
42003
345740
188747
89708
54957
117573
225422
324527
349053
697204
49461
341529
283976
252096
352640
24690
153526
53386
794225
97895
274203
1225348
222476
278131
15780
333771
496888
253694
56559
375218
273764
53149
88834
192510
155519
537419
550397
88578
156426
333602
792096
208682
347739
99544
321336
1268775
242840
260479
64654
5199
151992
156691
1054796
420158
678718
227068
623944
216588
